71.7733636156798 0 89.5472276433743 0
8.92327560686597 113.137240966336 225.962888651726 0
0 0 0 0
0 0 193.237115479931 0
0 0 0 0
0 0 0 0
0 0 0 0
0 0 0 0
17.485050197607 15.3733416375404 45.88060859418 191.46209885234
0 0 0 0
0 0 0 0
0 0 0 0
0 0 0 0
0 0 0 0
0 0 0 0
6.01192735879493 6.44838857102827 8.8098444126224 0
0 0 0 0
0 0 0 0
2.85326034248707 2.42141908941234 0 0
0 0 0 0
46.0307397111757 226.031943010866 0 211.881557442142
0 641.50713724288 2351.6723191514 544.122403611226
2691.74011823392 1234.80392765571 503.954384779184 497.71854284235
0 859.070954894913 815.109452201312 179.878046173311
0 0 0 46.7378153023811
424.106222397852 455.242507429479 360.882743287746 431.590186052799
0 0 0 568.832216360024
0 0 0 688.146831742806
446.36304489023 286.296223783532 0 395.712974582336
0 0 0 0
0 0 0 0
0 0 0 0
0 0 0 0
0 0 0 0
0 0 0 0
0 0 0 0
0 0 0 0
0 0 0 0
0 0 0 0
0 0 0 0
0 0 1814.24853277527 1075.86673696498
458.365464111797 0 0 35.2009911223334
0 0 0 0
0 0 0 0
0 62.6281204453263 1975.16322268052 796.242373276129
0 0 0 1137.03707611751
0 0 0 1188.05043908969
0 0 0 1292.57799401491
0 0 0 1001.56552210697
0 0 0 319.547458209838
583.314396646811 759.275831571048 783.152552494293 40.1564382682573
0 0 0 0
0 0 0 0
0 0 0 0
0 0 0 0
0 0 0 0
0 0 0 0
0 0 0 0
0 0 0 0
0 0 0 0
21.0107784077578 0 229.771289688534 873.642534457672
0 0 2773.24531175256 1061.66698193443
495.321081094961 0 0 1026.54230417943
0 0 0 1229.94222466458
4401.94817138259 5692.72419272884 6106.77618766568 1846.00550918278
3749.58664049621 6041.11392601639 2421.70037020299 2008.73620100592
0 0 0 1530.82347331307
0 0 0 1087.24894193283
0 0 0 559.324585017887
0 0 0 69.8520726926946
0 0 0 0
0 0 0 0
325.680129749732 272.447190430339 93.84728770584 0
0 0 0 0
0 0 0 0
0 0 0 0
194.165754493458 196.198582149883 111.302348890893 0
0 0 0 0
0 0 0 0
0 0 0 0
3619.77256953239 0 0 1804.09550827039
0 0 3357.93865761023 2918.46636131032
4983.579097946 0 0 3524.53592801781
0 509.336271400374 3657.97381931241 3525.10011157708
4051.1280985545 6897.09915224089 7845.13516163164 3329.18649536009
849.590578458648 0 1302.16805566036 2670.15380840174
0 0 0 1904.624772435
0 0 0 1676.90332240918
0 0 0 1221.76375080762
6267.77245856172 1808.82981720997 0 719.504594973354
755.765106229187 1656.39321536893 997.266595436081 248.758581996326
1599.98500929806 0 0 0
0 0 0 0
2539.08664502798 2456.82369661021 1796.80271876806 0
0 0 0 0
187.819632606995 202.469413156723 0 0
0 0 33.1823187111768 0
0 0 0 0
0 0 0 0
16.8971646817102 15.6590918899076 0 0
0 1535.58750824579 3145.5180908206 5995.31543207018
0 0 25.0825577515934 7155.95066437996
0 0 0 7894.71844115163
0 10010.9592666274 6922.14564946338 7863.72821959122
0 6976.80785672243 14514.3071091483 7664.89734200662
0 21521.7934083052 10581.7590523957 6620.81105290102
0 0 545.300987234333 5177.40794635611
4.97744029937556 0 1150.51464792859 4249.83728338858
0 5089.55658317381 0 3350.76693234225
3347.82192715028 530.323696727253 0 2205.96857621239
2965.43035587445 971.150345924377 322.84847214361 1102.91801127612
0 0 0 0
0 1981.6630906189 0 0
0 1006.97051928482 1696.039905132 0
0 0 0 0
0 0 0 0
0 0 0 0
0 0 0 0
0 0 0 0
0 0 0 0
0 488.780052190928 0 13050.9327989815
0 0 0 14695.2850629694
2347.16075112628 236.52971244754 2294.54429811964 15878.623757838
0 1795.03980784409 11834.208486042 16211.3998173831
65013.8278591961 27239.131408857 25578.6913351316 15944.3038733251
0 8417.36998450777 18976.6266457951 14520.5318627099
0 0 6382.55704259183 12467.6607051166
28853.0289185524 4370.19111524441 7346.18996139316 10815.0946634071
19660.2838170793 714.019903214135 3340.21822106077 8908.87810013053
15595.33115897 0 1735.30924424641 6755.36732754339
0 0 1070.90524189436 4280.92032986999
0 0 0 1750.28254569427
0 0 0 64.3759470944008
876.9744106273 0 3475.73039880885 0
0 696.529668429755 0 0
0 106.872614346295 0 0
0 0 0 0
0 0 0 0
0 0 0 0
0 0 0 0
0 3725.94772962565 1484.9368238721 25884.6039986609
0 0 0 27554.9192243107
0 10737.6453678716 2982.04078357719 28783.8515407866
0 6272.80254973189 19525.476728245 29223.4276880481
19584.759115442 36546.2767702815 37963.4610051207 28768.8796802798
50308.7628542308 56597.2312277199 34989.0910711638 27075.7869922185
0 994.358670862355 20484.5207697823 24579.0206296413
31742.2792967683 11222.5731543523 16650.7237149495 22187.9341916335
0 16094.0539722924 7171.41913413426 19231.0001410458
3848.12419153576 6680.0387801312 5395.62003944849 15766.2607538085
6166.6434429839 12799.9854359124 8260.27314688776 11938.8192995567
0 12628.8255699097 5400.66175391228 7563.99203486959
0 3074.82524196118 4682.04953902517 3714.3547980021
0 0 2232.29743495583 849.265330777529
0 3103.44750168423 611.62970108038 0
2204.77890334076 0 0 0
0 0 0 0
0 0 0 0
0 0 0 0
0 0 0 0
22232.2106734991 17461.0815328395 15450.0894063102 45450.3996108731
0 15073.7601272426 2528.63148165731 46567.4766768945
2058.81855494307 14857.7957982295 15416.9981166991 47423.3935962046
0 19560.775762473 37954.3833645114 47542.7881522662
44603.0146345583 45521.5424852871 53738.8122542634 46494.4244494104
107583.455107547 61507.0524998785 50757.8259164352 44213.8568872939
0 6557.52477573351 39476.3986036373 41254.9839054789
0 23361.4380651628 32987.7983280731 38165.812222358
50889.1578027193 36272.9139340466 21373.3090707351 34231.4155337372
0 0 13820.6621915964 29418.1439452259
0 32191.4422976356 14348.9399702001 23820.6093065226
0 1539.95962838043 7713.15349796999 17568.5616117354
0 0 4635.3875691167 11466.4449819399
0 7969.19141914246 2963.80922117285 6083.00074649393
0 2787.62162049671 186.911145579335 2006.60598906541
3205.92672251371 0 0 0
0 0 0 0
0 0 0 0
0 0 0 0
0 0 0 0
0 0 19712.3156616427 67224.228405636
56290.5907619403 38666.8745333102 8520.76722896551 67993.9806409813
0 27019.1802404397 31823.9685275558 68784.8924650855
44846.4642607139 27124.8838551317 63806.4488490328 68792.3973896803
32273.3508749247 67500.8682288787 87855.1613949743 67619.0891912124
169828.719923463 86849.4823580692 86784.5273147343 65101.8194464161
0 21456.7233106235 72637.9413527431 61739.5550161585
123041.900707835 63750.6628349294 60341.8578214594 57903.4923690526
48300.9715784517 40442.5162427923 42145.1940331234 53032.6120320668
50388.8972452215 18271.5647780506 28435.6319540094 47036.5740091618
41291.5354348667 22666.5151471726 19103.8638884524 39820.3943772336
0 0 5945.33319313094 31670.6762018408
0 0 1581.90878014189 23366.9521866795
0 0 0 15308.9446712495
16208.4820170684 2146.15226415653 101.578859410518 8048.59833580389
1550.66895253821 0 1289.93398098595 2589.90758718195
2296.33974669818 3016.97832132519 0 0
0 0 0 0
709.387306726302 555.43795209159 0 0
157.360368110939 160.446888424415 0 0
0 6083.79841221838 31936.8734424858 90101.1599473985
115180.271003933 54775.7709938788 25886.7105360878 90669.1694916017
0 69654.7712291616 64495.2153264771 91300.4675702028
198985.357618023 97496.7896943896 107896.096920631 91225.84804723
15115.4992347226 106427.683968009 134113.878220702 89869.5906893542
260773.270390592 117321.87287377 134990.522018039 87217.5835586234
0 119974.996561082 121322.625599652 83698.0754586243
185415.272320745 133462.826933019 101424.612514299 79393.1528679074
103278.265308383 99629.7716686367 77038.2511554552 73906.1874551391
0 52352.7687289907 54590.8805375298 67165.5207833639
0 52711.0832364154 30697.6116302645 58796.1278846702
0 0 11714.626650521 49131.4674848319
3508.45247371799 15984.3829861408 5119.86586913004 38882.044864693
7661.99707979968 16995.215341629 1764.58649906428 28299.9605963138
16899.837768303 11893.7491115123 2343.28148710496 17997.9303071663
0 7779.14865676774 4961.3691742616 8930.35888370914
0 0 0 2247.00768187793
0 0 0 0
2278.99219061843 2239.3383736805 503.653726324525 0
0 0 0 0
130456.35048316 19610.9083409983 44469.3319925419 112412.805146548
58155.5542356757 34934.6351300585 58420.3795382528 112881.479035895
0 139946.440389151 120775.948115702 113437.377352181
322046.186214239 176485.216698183 175960.883436276 113274.623744303
29205.2278837799 166567.512602008 204119.472223912 111802.897433736
0 135036.813415878 200702.192363572 109035.849136807
112331.086003523 160342.281841617 186045.574229014 105457.592468235
180943.534565225 177267.072732598 160293.79873661 100952.063118195
0 92613.3408166958 124995.813314587 95158.4249689512
0 87203.3889591659 91783.4244798828 87979.1237353415
117685.21361266 51435.9251969397 54776.1594780398 78905.0595791714
0 34307.9129311557 22795.5485040438 68258.3135445939
0 20682.9977455412 7835.15846206697 56447.30576681
24067.0394419428 14350.3305292944 0 43714.7153845372
0 0 788.098813503022 30742.6067898631
39388.9193893618 13813.0544119823 6260.06319712459 18548.2337477278
0 2602.43211778923 1018.48246055777 7997.89957345696
0 0 0 1030.71112988677
0 0 490.463650349633 0
0 0 0 0
0 8845.42043930057 61792.2070818519 132685.818855822
60111.8313216043 63539.0351713093 104275.046624226 133268.902559042
225096.523258001 202426.125583697 192610.114408116 133786.751793948
320664.794685279 283650.402702436 269184.744800223 133654.318599804
199664.108827176 277520.295559409 305661.129963647 132257.930280079
143520.511879609 247699.642130638 301710.642836875 129545.947546175
161400.241004405 252528.667000338 280378.864658247 125961.151892164
312950.469917415 220162.963293506 244084.373854002 121372.647994752
167027.354387351 184333.192654644 195899.837062599 115480.545430218
240822.793761406 124285.898709482 145138.495804843 108077.031123912
233945.844243341 73495.9173408286 85936.636201302 98667.4820907245
4025.35751420405 49072.097622137 39779.8140980202 87526.6984778805
189293.872152411 48620.7806553145 13879.1184212042 74798.6017988183
0 8103.69144236124 1850.38862758585 60564.1455476842
55836.1511596794 24920.1511935888 2783.91683520229 45547.3343615465
14044.7654524545 4338.51441504473 6757.0349528641 30442.0636278757
8931.76815449009 22435.6244756632 1551.08021125851 16493.6487035494
0 0 0 5444.89770500889
6567.73708491156 6472.68536406314 1788.2688141825 0
1086.15075743627 1138.37249739283 574.258569738656 0
30273.1785951425 57654.3563985754 119632.436926053 150695.457191488
22300.6439046626 101481.991704648 172360.527385133 151289.997124372
397433.834409305 270650.929250469 286300.670209032 151801.962853823
426818.81226347 386003.308965146 385239.201990089 151703.674841725
786467.870596874 453298.687773535 436562.72881998 150419.036443874
384178.614240694 421665.94142509 434349.876797593 147869.836601325
292300.812035677 448325.354724466 409512.174044957 144412.126284041
987619.197635427 412760.961197388 360963.177693068 139868.40644228
350473.169209744 279831.306159747 296385.900704314 134035.298086213
362693.187006108 234880.751183488 224329.894610378 126626.371175982
178855.439744357 142458.12499727 143061.454171858 117135.759777834
82571.0691307582 125270.425735774 72800.4584064673 105777.705955662
14780.1566932484 78101.9524331871 30643.1968186554 92597.934262582
93492.9561913807 63876.6744081704 8382.0564449031 77478.211590996
30929.1994856315 49514.3370951083 5154.62129849121 60966.8007978826
0 29836.7322914473 6035.11673417944 43649.744812344
0 3937.17013828569 1547.18140806554 26808.1587211123
0 0 0 12289.3822953318
0 0 1175.84216675232 2640.17721440494
0 0 347.930744867649 0
26715.7266930706 47213.4081797364 193924.567350546 166083.126823638
159214.331007004 187780.224830372 266901.693785564 166720.448222335
192872.29439211 364363.828324307 413326.053052782 167309.321076493
459424.045491125 571766.638229965 533163.354079896 167181.092105307
518150.179859548 632140.322413756 597975.791878985 166013.150234531
536511.862552517 606773.889534683 597009.148700284 163666.373084283
534022.58464249 583928.027225739 564418.088271139 160370.493275172
375741.668129219 478511.598982756 504554.211206695 155979.051408002
0 380029.509962326 422786.369452221 150307.886273073
120452.448350208 303343.760808485 329288.558815844 143014.206020083
0 222861.460744007 222658.878880873 133666.545063542
62518.0737158 161680.140245671 127000.966951366 122326.540599443
0 101842.038962318 60038.1957319674 108910.022891854
32234.4602546209 44709.7027266066 21209.1558121025 93302.1202850991
0 39032.0857884715 5826.7197339064 75809.6281022011
0 8560.01363368499 5363.57785323808 57030.5175787604
0 0 1594.15589470101 38034.5716110001
0 0 2862.8547463928 20662.5062134709
1475.74910154721 4765.80789374216 4438.91126113393 7574.1602752904
0 0 1061.40754221566 928.21825541828
103904.939958755 97723.2715732106 289036.726444192 178976.155235387
229643.655225331 204304.363650991 381866.107838768 179568.015734631
627754.062233624 567360.98343705 563956.202269752 180160.576416611
715518.69319003 781557.976905152 705761.165388143 180084.86904543
835926.791735183 929282.113177541 784484.19175308 179043.831611992
1193202.45966265 906988.208808403 789563.186512737 176934.738606261
961932.67671296 800020.437872827 748240.243694682 173804.284556171
743242.18423089 671601.466246435 675327.471009897 169608.581972596
283073.105623269 519404.237931092 577286.929508289 164145.101369972
484990.438852941 426889.577089439 459147.786861561 157065.29674454
124507.473098518 298934.163161298 324930.679310622 147934.631169503
353530.661544709 221523.477425591 201767.667675341 136761.887238731
390644.635255979 155152.376925435 109001.248558055 123374.340715011
23795.7094907643 64903.7006656578 48766.7255557661 107537.863928522
100197.193619747 23006.9706204752 18903.2033801367 89510.3341423234
6674.50675201365 13407.7785902447 9339.07434722493 69777.0767148433
0 8179.66613636392 5099.01742185915 49285.9006268487
35441.2917496586 7943.05794239565 4265.30291311359 29884.8822784144
0 5087.20669204891 5113.4446367797 14152.9145767732
0 0 1331.65280895062 4999.01872619788
77888.8069711753 67296.85581382 389133.02489246 189399.773913682
399961.925659954 341399.528165617 510803.378917086 189938.106127022
457722.234757665 757516.608401239 729378.898657471 190579.082132372
1406444.25810967 1047471.76381236 890531.639597411 190533.896911274
1402493.87410405 1191225.06861549 985760.787062962 189649.560893974
1272432.31571699 1197297.57088422 995395.088004493 187731.286063721
1089071.4362686 1087557.73482261 949433.384442147 184808.790392135
1028481.86627441 967174.530497293 869092.859519717 180860.716787841
921914.192861471 762825.133309474 754347.091278909 175634.54615082
903241.944064483 573264.218528851 609696.242205082 168754.385418333
882502.048879663 421794.177339212 448277.408119869 159909.603832105
470490.837483216 297845.205989373 294904.285920487 148956.253633147
160096.138502071 194797.796744141 174497.855884128 135689.195194622
0 108163.69389991 93266.5358408259 119896.396309587
0 36232.7186960437 43748.0695182057 101640.785851897
14490.32165143 11226.1703474343 22364.0411123513 81296.4950341173
65389.7907219573 31032.0050578499 10867.2715573676 59829.844655154
0 0 4961.33562793216 38964.5567350011
14667.5156600803 11073.9684198309 4202.7513827241 21279.2379212802
0 0 733.886924605283 10106.8274294919
76671.0174142898 88382.9363501904 467788.597659211 197542.245719537
540431.167907511 498418.668650726 652488.512704987 198133.53141274
826980.870725904 982083.248357272 896299.635664396 198769.60287479
1126620.14302105 1220910.66496519 1079318.00134613 198802.005563459
1524757.25098069 1469789.97064922 1187560.49335132 198036.955614901
1330101.0924411 1462869.49724206 1203518.75947386 196299.932497881
1361782.41021147 1381008.29898179 1153676.89413578 193577.560785332
596186.165086356 1184641.94501601 1065621.09810073 189852.489412756
788134.148423929 914228.495453049 933539.956851804 184835.179846161
739842.560193717 673399.050241053 767482.167080845 178208.028342242
275013.901102901 481498.685466195 580386.987242391 169654.658283042
221938.240610579 306220.625744763 398622.045722815 158933.057180779
121320.916332547 179163.752708807 248188.989466022 145836.127308326
83079.0800699071 121957.454904912 145640.119044807 130184.867600339
0 58633.4697783499 78365.5349995387 111884.900312026
0 24052.7388186822 39894.3590491386 91177.5938992726
0 32240.0198278334 20280.4303049225 69167.9641843263
0 37314.6164593227 10571.6585023293 47324.591626062
0 4146.42024026336 6286.11606304562 28348.4794752811
9874.16143176635 669.973803809339 2852.35675911324 16021.5129564046
0 106980.448617684 561296.023075942 203809.66434154
863210.288001702 697991.286591223 782909.037327564 204375.119983362
1267849.69147903 1199842.77170487 1056597.49311768 205046.483325271
1468357.69882473 1484264.0158081 1255640.05452281 205128.898801007
1881560.14183358 1751772.62678888 1378478.89729824 204476.838799118
1731746.08595175 1816512.8595254 1397973.06966052 202881.221593972
1450777.86020022 1640396.00816261 1345701.89238066 200344.479542771
1758462.56357161 1457908.48256517 1250859.92712415 196810.436323881
991922.296758396 1103847.36225983 1104709.66195789 191982.770490973
668939.496650633 854398.364860895 919702.528446581 185580.106460791
310622.756118778 629901.264024312 713866.998260193 177288.764050484
447418.912632863 417391.03309338 506778.797759369 166815.801625486
199897.665026912 257073.261563167 332670.873325109 153946.399463937
208333.21254187 164546.815944291 208588.503233454 138460.67839296
149072.567544956 97564.9776134567 120353.002570559 120206.213140713
94895.3291179769 55052.1046707179 66521.5576032969 99402.4424875454
39535.0749148604 36718.0871432914 33432.7291371581 77009.5082542306
0 3100.86071514157 15014.1758775084 54460.0631509171
0 0 8313.35505904154 34625.8255540727
0 4410.21301327419 4640.16758544122 21401.1140029441
105976.390358541 145417.622172298 638401.549888908 208312.776749499
897390.423825993 792758.436355114 890914.75101251 208924.492019453
1313147.2444457 1356973.71534512 1188997.4665707 209631.624071357
1834721.35132295 1717280.441174 1408427.82389523 209772.992912511
1806579.36786901 1997782.19056248 1541099.79574434 209201.032984664
2258531.58009161 2086537.45955487 1565524.58721405 207725.423971308
1864705.05998474 1951392.09253637 1512548.96509358 205339.867999976
1936166.34187099 1715770.29883113 1412054.02230248 201959.499854401
1881587.19723877 1345134.51415174 1254088.22751026 197294.158890719
636697.555177986 979459.580658925 1054760.68696757 191074.654199797
714655.255751113 759114.103249194 832818.553226831 183001.798568126
307994.918015221 514046.940916015 607695.160984247 172747.165753243
537685.1268215 332556.208928492 413852.501621762 160092.144222464
435500.943457997 204519.882782356 270203.995729657 144790.974771508
336793.943558011 154148.464706136 163323.909550342 126665.355585223
99965.3322240797 87834.5968987637 94926.4866271855 105877.949168375
77771.0193342288 38834.5145095843 48563.1183743317 83231.3335895562
0 0 19407.8056152567 60154.8737768497
13186.1241982879 2807.20103361292 9624.59308364165 39705.0984075861
0 2947.14209829011 4701.82993928029 25740.1089604703
207357.778901651 180907.912003351 719248.696516486 211418.779953196
707592.236142316 856004.244028566 979247.711578536 212022.609931874
1513907.53576786 1515481.44799185 1292950.73594529 212744.284875553
2041942.7695944 1899541.65039299 1524960.69619829 212923.754919663
1952945.39375069 2196633.24474661 1666335.65580012 212409.043352843
2307660.07074797 2302937.62547718 1693746.69164017 211023.825881001
2298469.52633228 2144225.34778149 1639598.57361481 208746.243261275
1879792.27308483 1883758.66853975 1533985.42282987 205479.05327861
1250404.07733299 1453689.76358925 1369124.59432942 200936.175562084
1004765.95108691 1075929.21061235 1158895.86969136 194857.841978161
1281402.76504574 810073.207116428 924889.301414934 186929.535695096
619097.264225796 554378.605228715 685394.957131096 176841.121103675
294057.145321702 342193.675693192 477208.511206359 164342.51220951
84432.4220245684 223719.420618348 318428.530531545 149170.638669609
232342.230631033 173812.171109225 198306.495708952 131166.821060562
0 93955.0965691898 114930.521229778 110406.887438675
4458.87752041045 40468.2040884263 57126.4121589454 87605.7682466281
0 0 25444.5754207653 64324.5434552129
10009.5496166048 10492.1415570785 11947.0545733538 43318.2137346093
0 575.147216937143 4698.57047555589 28844.7774465792
62139.5328167683 151540.545836262 781872.210395733 213246.733967559
986681.213615187 951489.936830247 1037771.9795707 213810.06896547
1735361.60089079 1657723.23460048 1358008.50692911 214528.692644235
2188559.15538612 2092382.85247708 1596134.8209359 214716.475739309
2413406.8194793 2379944.33899435 1744088.92186189 214243.611289384
2499400.91609332 2448580.16315898 1772690.46184538 212914.145565262
2367077.68634393 2285252.02591331 1717446.50835208 210703.976512508
2002266.74504584 1991240.82935394 1609371.3773892 207504.684046323
1831960.28445932 1590031.13018399 1441253.06800868 203041.895598001
1454974.4488605 1200921.31444594 1226515.51225979 197039.893530505
1058519.31071745 887168.728281263 983123.54789586 189198.751133576
524809.117525945 599877.360711736 735175.748663021 179195.822313698
317359.667837856 422064.53684076 518438.488031563 166783.631966114
211070.432434688 242089.832543415 349429.738773303 151681.211478477
0 127164.296847402 219369.640688778 133736.344017885
237220.081090796 63903.3610679163 127622.065992064 113025.362117495
0 21043.8692963177 63299.5282102422 90188.239016626
62834.3012110698 24500.2037682463 31356.2262229924 66833.0580545851
0 0 12502.5983056751 45306.9843680584
0 9537.41667549789 4845.92402138681 30555.4171549004
271887.490031578 194869.976124901 785727.346729571 213751.887637726
681658.444721708 832104.819833706 1051190.56189444 214349.744828331
1823133.69255478 1687438.25875753 1373438.55869422 215059.442138086
2025280.94476372 2122424.45113594 1618388.58431217 215264.145411839
2416498.9606614 2485744.50299071 1766382.59752005 214789.72780474
2547482.08763286 2494169.96324593 1797849.54653083 213486.315370594
2194745.72525298 2307844.24895997 1742472.43581725 211297.282585051
1962468.4775292 2008316.00017788 1632096.13661591 208118.509368978
1177186.58789079 1602284.86598364 1464494.47886435 203684.064957802
1114028.48810392 1257885.96540252 1248904.72688158 197716.968834323
348562.541328277 865689.672742968 1000683.25405762 189889.525927654
727491.444964561 613804.348462633 750925.366396607 179916.00414695
415556.103138682 389350.519435554 531393.174610933 167520.733650314
0 216037.374035783 357443.202213697 152439.298873339
34110.568372046 124903.437518765 226555.126518984 134532.479243541
9881.04960186562 72034.9774087821 133135.174552132 113863.271593956
75349.4845381201 31689.9540020559 65825.0353574282 91009.9983021928
0 15605.1076392619 32691.3160682482 67601.8741618853
0 0 11893.5151767552 45866.1655639495
0 0 2392.43312933053 30890.0161065115
0 57001.2886696647 767123.220125648 213074.518674508
1159734.13323449 885247.81655795 1022965.48696758 213658.755281647
1283362.87832399 1614606.77347474 1348321.01480519 214386.189064898
2085243.56492946 2104716.94347852 1588831.15559215 214569.817852999
2263169.7823774 2389482.81355599 1736215.0041326 214082.748456871
2394433.48468205 2399188.95470263 1765784.26303532 212756.261120943
2056000.48820177 2213849.37144304 1711767.34344092 210551.177424904
2028422.51718039 1939856.57921777 1601183.63798517 207343.287878528
1347816.10737869 1587759.94975966 1436571.35516756 202888.098888947
1307495.97416098 1171308.44895491 1222384.21268573 196880.19809499
889162.614270763 833667.07560453 975780.697662785 189016.659329967
449202.087862727 568512.616200564 729347.146527451 179011.907347914
490501.436868498 379053.444029516 515356.335545498 166591.520445217
386080.929750306 219143.938323113 343708.101393477 151467.823424345
0 86029.5213287105 215569.281065825 133526.145890004
0 67401.6304461433 127642.88910513 112881.260463257
0 39862.3649393427 64045.3556099692 90064.9371066023
36029.5298004428 12570.6666716947 30498.2665825899 66607.2748299865
32332.5812847554 23115.9775419541 13854.4474277378 44985.8395380197
11122.3605446175 0 3855.13995449201 30162.911268174
205242.366854458 237189.09048225 718195.910297785 211151.954257304
638088.882291685 702027.613894642 966550.821289308 211743.107389458
1952832.12784286 1545069.62535746 1276098.97111926 212434.123522714
1926379.65430252 2040806.43539528 1515486.39866553 212620.806837874
2889175.26202404 2342470.54532766 1653441.87227124 212083.57864963
2451087.59603106 2261808.66290621 1679608.00038598 210701.800406568
1923102.35392396 2055439.75665703 1626663.09910673 208428.774760846
2236613.84322962 1853727.48917664 1517676.82229198 205139.52245567
1502910.69709583 1488426.92412776 1357190.25348954 200598.080591736
1771488.83175251 1174466.35576806 1154126.40156714 194522.809872906
1098004.95983649 834315.56089799 914503.403813754 186547.41316378
917739.277944199 563188.729469429 675864.043370471 176445.606818685
529276.133576521 361993.37564693 471665.817621743 163938.108265855
44578.1615385746 179224.278226227 309562.654389784 148736.127243107
0 73762.2912475247 191112.270773735 130726.067547307
0 36205.3299690227 111277.150166579 110050.966790016
103455.963558461 45445.936843476 56456.1970406356 87327.8303987956
15425.7580262967 37269.2719427716 26940.9795083161 63910.20127675
0 13885.8086605912 10568.5899779557 42390.7132917119
0 0 3725.07842359649 27989.3871356757
124831.071651355 138554.00053454 635358.081353762 207901.826175603
525223.624808508 680608.824790168 871700.37036398 208490.292626067
1204604.65746108 1289432.07983212 1165789.61563242 209162.19872197
1806074.5941149 1804994.98230236 1393561.62035424 209307.750029965
2012942.34590756 2067756.99805206 1523972.38858913 208711.93366655
1961869.91810895 2036752.05776719 1544316.60589938 207222.187221279
1521977.84681558 1851522.57462694 1496501.67587976 204854.882873659
1355449.08733659 1620136.85822657 1392470.2609594 201447.343251021
1070228.13340253 1305614.43664799 1237759.43162551 196778.039122301
911114.145715496 1005945.31261653 1045894.68318294 190555.259085923
879217.921823839 758467.250703861 819604.563573155 182430.891191783
299199.996093729 455440.175917535 593924.865953689 172161.973335547
146234.174100506 298221.276479418 405773.917346377 159513.882442696
34432.3160775887 167351.655853182 259349.391290684 144184.189062224
240893.850679867 121341.90022078 157487.673536157 126097.763249035
145346.75308136 58773.8849220416 89742.4583045095 105389.339401561
1095.80873085433 31158.6602585614 44772.3080622186 82732.3895175136
0 8992.36661190148 18767.574642319 59412.6258563451
0 0 5332.08993487285 38242.1036823694
0 2104.50654514412 2551.82251675433 24411.1368739736
159335.174446311 138423.274390507 539115.430438135 203226.321033031
470051.089300325 548899.127199971 760045.228153874 203797.018214692
1159390.49207178 1126604.16444765 1026178.57193744 204398.577510526
1680771.68336602 1549010.49477273 1238869.75149488 204506.841733572
1666504.49530417 1748762.43313691 1356912.99931043 203810.65277611
1679402.09090024 1716712.49736466 1372760.9847978 202186.156891837
1784977.65440227 1593613.7678157 1328635.36298776 199678.50378352
1717150.90330791 1391441.6677134 1230416.88807405 196116.495430446
664616.457009225 1100641.45140642 1086307.96903406 191268.231967139
886674.379988989 854516.177032628 908221.459703539 184872.28464759
155319.733175583 591498.510691538 700075.721607034 176532.742733594
93955.4444255281 379997.222483317 494079.853469175 166064.046017254
50321.230315174 255785.89409585 326902.564924049 153222.445585553
475947.717716154 173545.361591505 200388.19455189 137725.074551221
302109.264436472 129614.692906385 117378.868496556 119535.058748738
63406.8282140148 65611.6149030293 66112.2170504989 98860.8101302755
0 18485.9635068288 32496.1828479924 76360.8854856195
0 7221.64847960998 14848.0102358442 53512.6671399266
3605.75456333455 9209.65293433596 6235.70491801208 33178.156541542
3864.19087027728 1806.50290710585 3408.73426482923 19800.8763334333
93360.7449682205 129161.970300268 437836.492478406 196906.025176858
564842.941126229 466256.028256641 635344.005476934 197437.862775124
893977.040719891 956956.351226003 870829.392180994 197968.11974361
1244942.79313865 1248612.30959943 1058073.84571362 197985.140101428
1308989.12905109 1390567.27262268 1160504.82489413 197165.453918823
1603232.16541969 1440096.12659113 1174350.20819523 195384.174990484
1583094.66296049 1378791.22393544 1133911.76320354 192701.562712315
1550458.42675085 1182179.05196759 1045289.90978337 188951.612678919
1342822.89188214 980885.235928921 914409.363766901 183893.132316433
213392.896154974 713173.773885612 755365.906183252 177265.835065317
528380.148309115 541507.892523466 568470.973794513 168687.665493474
438162.105422356 336111.075518026 386633.971625865 157959.172205705
476841.066235344 236338.019004537 243265.617648274 144894.218526242
102410.178267546 130543.579827633 138878.556829664 129230.508963805
74380.3738947372 79133.0667908824 75187.0900294536 110966.508241451
16666.7181099305 60760.0286958407 43153.4466467133 90494.8187488189
24906.1850657702 27068.8245641961 20469.0879997765 68301.8751359509
537.653526294173 0 10107.8032653017 46113.063616235
22198.5760260962 8628.93914574803 7354.22703913079 26943.1636629924
4709.11836991134 5046.38797246806 2675.77936799446 14182.5517448829
34009.8939157786 50885.629689335 368249.030274146 188735.927028277
394320.14598653 398071.395233103 509974.01290729 189162.260159669
705407.256104363 779228.466199848 711198.154689916 189612.07051881
1025594.66153162 956398.446494823 866472.858382069 189511.355771561
1028521.34442684 1094220.03640852 953573.195947912 188538.300036271
1101410.14426609 1113166.91899441 964981.787963828 186579.226731355
776453.382384302 1036969.67266133 927973.530870948 183692.96909076
753124.142131887 942923.748567739 848695.355968932 179730.296603936
947733.139538644 730084.958409259 733283.932696331 174427.606717938
777267.213388213 557562.502933382 593616.807187417 167555.58180995
352331.874922116 354772.37389277 434011.328110411 158707.306404584
69378.7367873236 216700.176870955 280027.845094526 147719.544701166
177511.581463793 142180.495137569 164109.840484625 134455.325630582
27460.142875601 118039.634665066 84628.8430018938 118711.296384754
73252.0153011449 88775.607240856 41543.1084247418 100542.160407214
62536.5247786792 62633.5301700652 26080.4877417196 80402.8361175572
99811.759344014 41632.7420175028 13022.1408565466 58842.152738337
15375.7131623693 8897.66741832656 8016.40380885319 37775.9143556117
0 6934.50943204061 6612.10722814604 19918.7533062511
0 0 1107.96901395563 8201.58511022094
60390.6958703963 64543.2767340949 289020.499114578 178189.828555559
350953.376747195 261418.792600289 380832.811285318 178604.699773079
402174.317476304 534469.808802358 547207.138309082 178982.804433852
936504.450896207 713701.25115716 679606.589074132 178797.803631426
909888.409504445 846744.435223673 753151.390393226 177671.252820663
753214.005245579 839290.944915898 763441.24075359 175526.868169173
921943.031706074 803813.426732816 726238.439859138 172404.160459076
515653.231016586 651893.276152391 656834.005854555 168217.415771671
307737.955925973 522008.113712534 559148.774375076 162676.726495359
580107.401293751 391230.180822591 442899.893147844 155555.951757338
666504.863593764 320111.120352393 310768.361151574 146471.937541885
310475.423238707 180739.846497936 188108.831362888 135266.848923339
0 91717.0834491542 98195.9969097539 121890.690385616
0 56496.3087606816 42859.5736316139 106218.05437144
21978.957749046 38905.8638974248 19298.1496889552 88360.3183245268
42328.0518852011 39863.0237535426 15043.1544629101 68798.7537537709
0 25147.935580474 10123.5235108433 48345.4250949055
11672.9691872332 9169.67001159366 8522.19328210891 28976.5431675215
0 0 6359.45139311698 12965.5414071852
0 0 2743.45606733376 3241.37095084817
0 29485.8037026916 199460.227118706 165166.00265441
440833.121274004 224195.693917283 267763.277308949 165549.706092615
114101.255770548 397968.688106369 404046.035834043 165882.071749569
470583.927156691 509484.649478824 508460.288362479 165578.408789074
399912.750571755 574869.879701526 568830.335755332 164309.476514223
607120.535667345 622538.516974455 576773.71187704 161971.813654515
574439.994464324 595932.03483989 544209.184633623 158640.79694759
560248.883803037 523736.278058678 488368.638111643 154252.916883616
255339.592593949 408173.640963357 409860.603910355 148498.75821103
0 288204.00046489 312211.201378928 141113.855447176
64718.9396458539 194998.792236594 209488.035677042 131839.5458524
241048.685066599 127677.153105346 114404.165838822 120510.182007093
90242.6131424923 85968.2288413275 51585.4634373194 107189.347707507
20686.796816532 54792.7536467774 16669.9748858274 91806.2832512382
0 25143.7271508989 6600.94596253932 74601.2517023777
0 13.061781237851 8862.29033148937 55971.9365432504
10993.3103099847 2696.76989174306 7046.55408097365 37089.4943890238
0 1493.53148592752 6909.83776952301 20088.044703673
0 0 2127.08424597084 6491.43330822115
624.254642968884 648.773429094768 545.140424754609 0
25832.4724368735 40390.4898862281 130264.00411848 149387.859134506
0 85711.1258359795 177043.499067408 149821.904900964
441883.166080296 319359.487930441 284289.106721516 150079.939026073
508986.636952251 374080.080339348 368919.036743153 149736.920589265
318189.973365446 381837.104651636 413849.573036219 148303.658137332
587276.129495802 371368.338108623 418905.044741995 145796.880064748
584973.750784627 382979.923144914 389485.465380853 142269.599977727
472012.909679745 334826.104193792 345533.839185942 137720.026252874
417229.627428285 258324.824223935 282830.509776647 131791.342977812
154652.968367509 187807.203962077 207919.7921732 124267.718933742
127186.692044918 144672.83580547 134304.813973592 114929.966318645
732.28259504567 80429.9844386123 66381.2625744215 103672.411273694
217745.500506837 74278.3379724514 24370.1308170159 90659.5841456696
0 10024.5067074393 5188.80371930458 75897.4525788037
0 0 2507.76616884265 59678.3722493469
0 3132.4242494709 3565.44993007764 42601.2533737489
10384.7968257484 18139.7662397241 3665.78328916416 26123.1318344759
20156.3014994895 23442.0355680886 3187.74500105831 12047.9065096835
0 0 0 1971.6855406903
417.492465394543 400.287464663117 0 0
14052.5090636079 34107.1794476942 69308.2963057775 130679.09187846
0 43490.7810366923 101579.344442064 131233.443194919
105815.602525594 185533.528502721 184087.089742052 131546.305731469
192606.709742352 268888.635158803 253573.954453384 131183.748042394
411344.321137369 292998.245652698 292083.510931356 129688.119522878
107338.521407709 236612.528606995 292004.933656937 127044.797596453
0 268488.743600575 268174.982577604 123389.672518422
281419.219278275 242861.57436811 235435.713448947 118778.362197579
117969.67824402 175252.191848498 187324.501334644 112828.255414073
204205.052680308 133854.594915925 133609.490164079 105305.564584093
90167.2303587391 119796.573438534 84754.1953354436 96135.8862176873
67683.1131465358 74112.1845618766 37462.2517388759 85178.6630952971
0 58370.6181519722 11767.0603886082 72775.2298337026
60369.8722303125 42962.033516819 4249.05576391106 59077.224512228
0 0 0 44318.5373232091
0 337.109069277804 1696.73485776715 29415.3214488413
0 6379.7004159014 589.56212172053 15991.5401860681
0 0 0 5548.96477696866
3595.98851401506 3703.25497707305 0 0
0 0 0 0
61800.7831285163 17385.6908349381 36767.1724315972 109723.876982201
0 26474.0035596373 52896.32374949 110321.798674121
170639.124392681 137520.781342741 112310.437011663 110665.794388782
164340.578617615 151115.039647919 165190.270974126 110314.598254958
473475.933704776 223248.127171328 194624.302153568 108768.888008614
0 149988.805621902 192895.743666542 106104.72362319
0 130384.44884261 173119.85610525 102427.694200062
368617.208997718 185096.071898739 152176.870938597 97899.2363832966
128012.097847084 120645.744657641 119451.099640376 92102.1105333807
196431.676775098 103828.209459892 83587.2802466695 84852.9318899406
61417.4364436698 76576.8604571845 53670.3475939976 76106.6707415799
0 36644.6104133063 22566.1819663118 65835.3513343918
0 18786.9911063418 7323.82880689463 54438.4995158546
74931.9659947216 55034.7253777031 5559.10892575415 42289.1668392374
0 0 504.154021133078 29509.2487283769
0 1489.68172123356 0 17228.6976508554
0 0 0 7466.43235115123
0 0 0 1078.58822600859
0 0 0 0
0 0 0 0
47424.2276760604 9760.52731972689 21816.1631870336 87010.3142402734
11676.5922275683 0 17408.1910418059 87728.676975304
133669.932300043 79212.9546471405 58512.0645158372 88159.1948732111
0 73426.0220671965 101081.248123924 87908.845577026
0 109361.186847734 124341.762470848 86477.4797099366
0 68682.063288932 123091.743986499 83914.5765332376
0 35667.6282014492 106505.422248019 80324.4179591809
135828.009908945 72319.7638171998 92002.8168334387 76052.8539252998
0 59593.1061629562 72699.4282361614 70654.7496450631
108991.416866773 34162.7436249957 51789.4716397648 63924.6213836358
71248.9274526739 48074.8451244359 34371.0496017527 55976.8488608986
0 1767.602571037 15709.527424352 46802.3052753322
0 0 6284.32516478999 36940.0795212237
47182.726716766 22010.0013384176 5109.41360897814 26728.840107947
16289.8889779599 0 0 16592.885340102
0 0 0 7827.62798579366
4688.16065625388 1877.03528870834 0 2017.06686409847
0 0 0 0
0 0 0 0
0 0 0 0
103071.364693996 32806.7734501544 19724.2815578006 64465.8989503148
0 2625.32510088687 6287.03532678435 65227.477889678
30030.3462136668 54337.1897443189 29982.8958560553 65690.827274217
5024.87542499739 60298.548655169 61100.173754213 65462.7949581574
199057.392196648 67001.1920236026 78635.7115909453 64142.3642018453
0 69541.1330094854 75975.9381703351 61794.3106755923
0 2753.39230060431 61804.0955675448 58469.4851471845
0 44555.4123643454 52705.3834970954 54628.7404980191
10661.2271391155 47231.245446984 41890.6684924941 49875.8927920243
120501.458494269 57305.1735491975 30998.1099694345 44051.4848569519
0 32274.5014007823 19269.3382160259 37209.4862467008
0 0 8093.00285831265 29573.4384230396
0 0 6632.27013970992 21683.8062721268
5176.35319528226 22285.301414501 4049.86086734329 13793.5772990691
3843.26263089275 0 0 6765.78977419893
0 0 0 1982.69931898135
0 0 0 0
0 0 0 0
0 0 0 0
0 0 0 0
18452.9026515997 8288.22231257346 10449.4880118637 43054.2057743046
0 38247.0342786656 1571.7306658617 44122.5908599055
0 1284.36723161696 11566.6571041921 44630.3096159476
46850.0401759033 42222.3134516974 37464.2358329534 44554.8097981491
89083.7632872812 50934.51219352 49961.3912277014 43512.7354422523
0 13837.3511206745 46217.6648648784 41534.746674971
0 6480.55168611718 34925.2907281598 38668.0539927687
0 0 25681.0337122107 35334.1779432531
9207.58469981933 38915.7302263382 21189.4622737494 31398.9024439074
52807.3046345261 44851.8081704018 17610.2840093091 26785.2056996535
20769.9749690733 20323.3411945694 11119.5207627723 21501.2162823849
0 0 4425.16086547282 15703.9946078635
0 0 4522.02537169634 10038.2273303841
1993.23156585367 4654.97436432368 2546.30928793959 4835.69367315453
0 0 0 1126.68828811047
0 0 0 0
0 0 0 0
0 0 0 0
0 0 0 0
0 0 0 0
7175.68876905275 13986.2705981181 8398.63046581241 25429.6591513051
0 0 0 26330.2288074945
15355.5450038406 18267.7072239505 537.415285915437 26846.9091389575
0 7248.58505886272 19935.7617620296 26875.1877970465
77708.3101469413 32365.8809494734 31933.1457448792 26279.342318653
0 1613.57512000645 27237.529728583 24776.057352892
0 0 19627.5609059921 22491.8159498891
16833.949588669 6081.51825633504 14221.5565185442 19847.5850130326
0 0 8016.10338953302 16855.9773954338
0 20904.0127120363 6997.42259961426 13611.2905388464
19878.7061870742 12367.1785288909 6536.87902003613 9965.77942669476
6396.45979848388 2290.26965570841 4615.45722408278 6149.54975819435
8011.91420123284 11504.0097755725 8248.3815683244 2924.69161758902
0 0 0 375.757538825407
4908.720730322 4692.8621616797 2636.74452148108 0
0 0 0 0
1585.54258804571 1520.73974191355 421.258382701204 0
698.14459445882 710.800937524704 512.316413219364 0
0 0 0 0
0 0 0 0
0 10640.4836852614 5771.27637106635 13122.2816229037
0 0 0 13702.159828572
0 3049.11605962133 0 13926.3398424585
21313.026460428 12995.1945898694 10471.0760022904 14018.0668289039
0 18042.2489200975 16173.896716242 13672.6170008418
7730.80517302467 1355.65045267226 12126.3722354304 12697.9004203998
18814.7864623831 6530.35826744601 7759.69426263629 11256.1897715632
9702.79592264414 0 7003.97474630877 9550.33800317291
0 8916.48381550966 7035.8924685467 7597.58538617382
0 0 5092.85165237648 5584.60062134843
0 0 517.332074835476 3256.7235621666
4526.64329725903 4189.33850101674 2467.17865446434 1261.59953976758
1898.44198248407 2053.49468034617 2449.13826277243 0
0 0 0 0
0 0 421.847445869194 0
252.832810341934 270.222248448238 203.821299457932 0
240.933380327001 220.763380483687 67.4640636395897 0
0 0 0 0
0 0 0 0
0 0 0 0
0 544.160050532767 1791.64151875736 5761.49933449167
0 0 0 6423.31941451054
0 0 0 6910.89882872055
7690.22320316188 8685.62818812816 6074.0687297312 7200.61311792548
0 126.668708260076 5607.20145302739 7200.52057562276
0 1226.09958572977 3861.01673276355 6762.87321709442
10986.0397355514 8634.34385727105 3170.00501794461 6086.17957459662
2172.65193647047 3199.29610788699 4219.45289996198 4963.84966860705
0 0 1194.72492223838 3454.68251817008
0 0 617.860543289748 2275.64273385756
1425.50140072299 1445.0337749715 1702.9127841079 1038.92357500341
0 0 0 3.0936099663454
0 0 0 0
0 0 0 0
0 0 0 0
47.7330041997176 47.6613667636514 60.6626329911131 0
0 0 0 0
0 0 0 0
0 0.118847796903176 0 0
6.09778970101873 5.98108084457976 0.338252088938505 0
